 Omegah^2:   -1.0000000000000000     
 x_f:   -1.0000000000000000     
 Wimp_Mass:    10.000000000000000       GeV
 sigmav(xf):   -1.0000000000000000     
 sigmaN_SI_p:    4.9970681289907229E-021  GeV^-2:   1.9438595021773913E-012  pb
 sigmaN_SI_n:    1.0125875310052366E-020  GeV^-2:   3.9389654956103701E-012  pb
 sigmaN_SD_p:    1.6652677074597803E-033  GeV^-2:   6.4778913820185450E-025  pb
 sigmaN_SD_n:    6.4500230820858195E-033  GeV^-2:   2.5090589789313839E-024  pb
 Nevents:            0
 smearing:            0
 alpha_d:    2.0467337922149929E-011 :    0.0000000000000000      :    5.6909914991470577E-017 :    0.0000000000000000     
 alpha_u:    0.0000000000000000      :    0.0000000000000000      :    0.0000000000000000      :    0.0000000000000000     
 alpha_s:    0.0000000000000000      :    0.0000000000000000      :    0.0000000000000000      :    0.0000000000000000     
 alpha_c:    0.0000000000000000      :    0.0000000000000000      :    0.0000000000000000      :    0.0000000000000000     
 alpha_b:    0.0000000000000000      :    0.0000000000000000      :    0.0000000000000000      :    0.0000000000000000     
 alpha_t:    0.0000000000000000      :    0.0000000000000000      :    0.0000000000000000      :    0.0000000000000000     

